Intervals=8

X Coeffs -----------------------------------
  -100.21622802868912   0.30134900275647136     102.2319968788682      207.417047015503     308.0490331309273    417.99595518966584     521.3506726048923     627.2360375668027     731.7014319668231     835.4917530974601     938.3782484850327 
  -100.03632881891873    2.6493371736252804    106.04052283102797    211.20108048487873    313.97496492491575    419.98391917351887     521.4990360129467     629.2232194515208     734.5792855120216     842.6391436167677     925.7701005733035 
    -92.6846324041853   0.05781992880154762    106.40481085193117    209.12975049502833     313.0813814328778     416.0635379225329     522.4473223132417     624.8934366645971      731.769983065322     837.9923501575698     916.6567177265002 
   -79.08112511222265    -1.452806524866568    107.37571483837681    207.47653583220455     313.4810375238542     415.9701644307396     520.3966873600345     624.8541261565153     729.7816654691948     838.6698301946233     930.5725500339082 
   -91.81021983840095    1.8968671600532017    105.36697686810729     209.8647935415533    312.07658118768114    416.14126713268075     520.1584094766254     624.3534742978765     727.6028238930858     838.7467024589563     938.2562134051866 
   -87.53885934101044    0.6061031760380778    107.20548740416437     208.1743670061595       312.44308577595     416.0987835865734     519.6212350767099     622.9816431345013     728.9388435041016     834.6869041590254     936.5664703924638 
   -88.68604743654689    3.2748791909201773    108.18584565528325    209.32326817337804    312.37891835184706      416.577464685956     519.6547681524573     623.8008599331545     727.2769158940741      837.116851570103     938.4184911701993 
   -85.73113092617278     2.251561839949046     109.3204971012394    208.71070421311896      315.340091760623     415.9959052867976     520.5953055948079     621.7606177638613      727.777229309731     834.7467308968477     937.6958000364858 
   -88.86151126939082      3.31236937552001    109.33357710842735      211.089075305802     312.6489774221922     414.6357927280523     517.8493465118886     623.5946584391678     727.0322394721596     835.5491619538163     934.0312565672788 
   -98.20639495343288     4.068411107285731    106.85367676825587     207.7023255425941     315.2115913111409    416.22354554165804     518.8573694447607      621.410760624412     725.1768903634583     834.4361115475394     936.3688090467343 
  -101.26719921657562     7.953489571838972    127.31903110153031    232.42000558484392     318.0632590444182    414.54589701412624     519.5248637804691     625.9205944119477     741.4047587210442     838.1216302023981     936.0581351094179 

Y Coeffs -----------------------------------
  -107.15033509595088   -105.92284698670052   -106.34655898396522    -106.2544635848278   -105.84781394115649   -105.97837282317798   -106.88079762053543   -108.26263738397587   -110.84074542015084   -112.82685291397772   -108.21959760138844 
  -2.4805900187079875     -4.49277847995413    -2.235299547433251    -1.565074663491288    -2.788152902356529    -1.992547358199259    -2.138857208691305    -6.050504239365727    -6.138890047128029    -10.29743366406444    -5.259789372629131 
   105.08152110496536    101.03715518982332     102.6439097085326    102.35804926827866    102.57419662915791    102.85731526594138     102.6948641427856    103.09786408135504     98.78239061579086     99.46289464915729      99.6074606456885 
   210.82756195610054    205.38240650282543     209.0281096903327     207.9365952625082    207.83498047069395    207.88194115866608    208.21052117009228     206.1532093899493    205.76375916665367    204.90622748778523    201.71799614507805 
    317.0817815580948      309.718971085274     312.0393364398964     310.0479674628769     312.5878699592638     311.2552895105752     313.1155367265846    311.55430019337643     310.4566599516637    312.65382357983196    307.18120220529875 
      417.92580958905     415.1108712253691    416.41093969938896     416.2505356077314     415.0996839054277     416.5755959040723    415.89434397412015     416.2983227768821      413.879013039429     418.4182066382836    411.86358216326374 
    526.1760276616924     516.7916774695341     520.2142315443679     518.0827299082367     519.1984963234884      518.905700043514     520.4774206791493     520.0886041257451     520.7925436836603     523.2727867585253     521.6126481033211 
      625.04634585659     621.7606654446886     623.7497853272047     621.6553539638833     622.6890499894356      623.696490513726     623.6549012523343     622.7321019580799      625.189534924831     628.0495181478728     626.9345627108664 
    732.4087764522446     724.9004142939079     727.2820446111831     726.5495671636139     726.3327557782977     727.0601636151196     730.3256152770215      730.780415377946     731.6496578636782     735.4079747487039     732.0713945257377 
    836.0977203979655     829.3510235115507     828.5589674919588     828.2814613753294     828.8094948023377     832.5696323216882     830.1206790041165     832.4480590619809     834.6804526758282     840.0019884516545      836.694247081149 
    935.9947004423914     937.1007992967287     940.4433184842508     934.9166571931387     934.6167125877961     936.9901850660298     954.3874448883171     951.9419705719492      950.150565178386     946.1691431583315     939.7937021463674 
